function varargout = get_channel_pos_on_probe(expName, channel)
	% row starts from medial (1) to lateral (4), col starts from dorsal (1) to ventral (8)
	if contains(expName, 'daisy9')
		% Mid to Left
		map = [...
			7	2	20	24;...
			10	14	32	25;...
			12	4	18	27;...
			5	16	30	22;...
			9	1	19	26;...
			8	13	31	23;...
			11	6	17	29;...
			3	15	28	21;...
		];
	elseif contains(expName, 'daisy10')
		% Mid to right
		map = [...
			26	31	13	9;...
			23	19	1	8;...
			21	29	15	6;...
			28	17	3	11;...
			24	32	14	7;...
			25	20	2	10;...
			22	27	16	4;...
			30	18	5	12;...
		];
    elseif contains(expName, 'daisy12')
        % Daisy12 had craniotomy in right SNr
        % Mid to right
        map = [...
            20	52	84	116;...
            13	45	77	109;...
            21	53	85	117;...
            12	44	76	108;...
            22	54	86	118;...
            11	43	75	107;...
            23	55	87	119;...
            10	42	74	106;...
            24	56	88	120;...
            9	41	73	105;...
            25	57	89	121;...
            8	40	72	104;...
            26	58	90	122;...
            7	39	71	103;...
            27	59	91	123;...
            6	38	70	102;...
            28	60	92	124;...
            5	37	69	101;...
            29	61	93	125;...
            4	36	68	100;...
            30	62	94	126;...
            3	35	67	99;...
            31	63	95	127;...
            2	34	66	98;...
            32	64	96	128;...
            1	33	65	97;...
            19	51	83	115;...
            14	46	78	110;...
            18	50	82	114;...
            15	47	79	111;...
            17	49	81	113;...
            16	48	80	112;...
        ];
    elseif contains(expName, 'daisy13')
        % Daisy13 probably had craniotomy in left SNr (need to verify)
        % Mid to left
        map = [...
            116	84	52	20;...
            109	77	45	13;...
            117	85	53	21;...
            108	76	44	12;...
            118	86	54	22;...
            107	75	43	11;...
            119	87	55	23;...
            106	74	42	10;...
            120	88	56	24;...
            105	73	41	9;...
            121	89	57	25;...
            104	72	40	8;...
            122	90	58	26;...
            103	71	39	7;...
            123	91	59	27;...
            102	70	38	6;...
            124	92	60	28;...
            101	69	37	5;...
            125	93	61	29;...
            100	68	36	4;...
            126	94	62	30;...
            99	67	35	3;...
            127	95	63	31;...
            98	66	34	2;...
            128	96	64	32;...
            97	65	33	1;...
            115	83	51	19;...
            110	78	46	14;...
            114	82	50	18;...
            111	79	47	15;...
            113	81	49	17;...
            112	80	48	16;...
        ];
	else
		error('%s not supported, must contain daisy9 or daisy10', expName)
    end
	[row, col] = find(map==channel);
    [nrows, ncols] = size(map);
    
    varargout = {row, col, nrows, ncols};
end